SE:C0262627	160	43.44	33.44	4.38	inf	36.84	41.88	15.31	inf
SE:C0027092	54	14.54	37.96	7.41	inf	12.58	43.52	25.0	inf
SE:C0000737	2141	82.41	12.38	1.19	0.057	40.03	30.31	5.39	0.135
SE:C0036983	925	69.82	15.46	2.11	0.07	46.82	24.81	4.59	0.113
SE:C0033774	1336	74.25	13.1	1.53	0.061	48.31	23.76	4.3	0.109
SE:C0038002	624	57.64	21.31	2.96	0.094	39.86	33.25	11.38	0.187
SE:C0015695	882	66.25	16.16	1.87	0.071	43.66	27.55	5.56	0.13
SE:C0018802	1655	77.73	12.08	1.36	0.057	41.7	25.35	4.92	0.12
SE:C0262397	117	29.68	38.46	3.42	inf	25.04	44.44	11.97	inf
SE:C0042847	161	43.87	32.61	5.9	inf	37.08	40.99	15.84	inf
SE:C0009763	817	67.21	16.28	1.47	0.068	45.88	28.58	6.3	0.141
SE:C0005779	652	67.65	17.33	2.45	0.077	49.8	24.54	5.83	0.123
SE:C0041296	203	33.2	21.67	0.99	inf	29.35	25.86	2.96	inf
SE:C0277925	316	63.09	16.46	1.9	inf	53.63	23.58	5.54	inf
SE:C0265031	214	61.02	17.99	3.04	0.084	51.13	23.6	5.84	0.12
SE:C0024312	232	58.27	18.97	3.02	inf	50.07	23.06	4.96	inf
SE:C0018824	481	61.52	18.81	1.46	0.074	46.54	28.17	5.51	0.131
SE:C0002871	2700	82.66	11.65	1.41	0.055	34.59	29.93	4.69	0.13
SE:C0011053	516	64.96	19.38	2.81	0.088	49.9	28.59	8.62	0.156
SE:C0024894	86	9.19	52.91	8.14	inf	7.91	56.98	20.35	inf
SE:C0036830	111	14.89	26.13	2.25	inf	13.04	31.53	3.15	inf
SE:C0004030	257	54.35	23.15	3.31	0.097	42.48	32.1	9.14	0.164
SE:C0029163	223	54.65	17.04	1.35	inf	48.39	19.96	2.24	inf
SE:C0003578	403	67.44	17.12	2.85	inf	55.67	23.08	4.71	inf
SE:C0016199	466	59.72	19.64	2.25	0.085	44.08	29.83	7.19	0.149
SE:C0013384	712	73.24	16.01	1.69	0.067	55.0	22.12	4.07	0.104
SE:C0017672	410	62.1	17.8	2.93	inf	48.84	25.24	6.71	inf
SE:C0025160	67	3.88	45.52	12.69	inf	3.1	47.76	23.13	inf
SE:C0699791	122	16.71	27.87	3.28	inf	13.89	34.84	15.16	inf
SE:C0007787	953	70.46	14.11	1.47	0.062	47.26	22.98	3.57	0.104
SE:C0004604	1993	74.32	13.25	1.66	0.061	33.23	34.97	9.08	0.178
SE:C0026821	385	53.7	20.78	2.99	0.093	40.28	35.84	8.31	0.173
SE:C0003962	897	62.77	18.67	2.29	0.081	40.82	30.6	6.3	0.143
SE:C0011849	1271	70.94	12.94	1.3	0.059	41.61	26.12	4.41	0.122
SE:C0041952	117	23.68	38.89	4.7	inf	20.24	43.59	14.1	inf
SE:C0149756	213	39.16	32.16	3.29	0.12	28.88	49.3	18.08	0.274
SE:C0149721	201	53.06	19.65	3.73	inf	45.6	23.38	5.47	inf
SE:C0021092	92	11.54	41.3	5.98	inf	9.86	45.11	11.41	inf
SE:C0018989	660	67.42	16.82	1.74	0.072	50.27	25.68	4.02	0.115
SE:C0013362	986	72.72	13.84	1.72	0.065	49.35	25.2	5.27	0.122
SE:C0015732	505	60.78	16.34	1.29	0.069	44.87	25.25	5.74	0.126
SE:C0030252	1144	74.0	14.77	1.75	0.066	48.05	25.09	6.03	0.129
SE:C0033953	276	44.76	25.36	3.08	0.104	32.82	40.58	9.6	0.199
SE:C0004601	366	52.58	23.22	3.14	0.102	39.98	33.61	6.97	0.158
SE:C0302592	65	7.9	56.92	6.92	inf	6.51	61.54	33.85	inf
SE:C0040136	194	45.74	22.94	2.06	inf	38.02	29.12	5.93	inf
SE:C0019322	184	44.16	25.27	4.35	inf	36.73	32.34	8.15	inf
SE:C0034372	69	0.1	10.14	10.14	inf	0.1	10.14	10.14	inf
SE:C0019284	85	34.67	32.94	3.53	inf	29.56	44.12	13.53	inf
SE:C1456784	513	60.76	17.64	1.27	0.073	42.43	30.6	5.56	0.14
SE:C0262365	71	25.65	38.73	7.75	inf	21.65	47.18	16.9	inf
SE:C0030319	324	55.5	19.91	3.4	0.095	41.06	28.4	6.33	0.142
SE:C0007868	82	16.09	52.44	3.05	inf	13.27	56.71	24.39	inf
SE:C0033038	70	2.66	40.71	5.0	inf	2.16	42.14	18.57	inf
SE:C0031542	294	49.48	20.92	2.04	0.09	39.21	34.69	6.46	0.159
SE:C0018817	138	9.32	59.06	14.13	inf	7.33	64.49	28.99	inf
SE:C0027962	220	44.1	25.0	1.59	0.09	34.01	39.77	11.59	0.213
SE:C0006145	102	24.38	42.65	5.88	0.171	19.99	49.51	20.1	0.295
SE:C0037199	1295	67.08	16.18	1.81	0.071	34.95	35.06	10.19	0.186
SE:C0085662	91	9.56	45.6	6.59	inf	7.78	50.0	21.98	inf
SE:C0018188	378	57.09	21.56	2.38	0.09	44.17	32.41	9.92	0.185
SE:C0085681	128	23.31	31.64	3.12	inf	20.46	36.72	10.16	inf
SE:C0149516	269	49.15	25.46	4.65	0.119	38.16	36.99	11.34	0.202
SE:C0027651	223	59.8	19.51	2.91	inf	51.61	25.56	6.05	inf
SE:C0235896	846	68.85	15.96	1.83	0.069	46.93	24.82	4.37	0.113
SE:C0033893	125	40.78	30.4	5.6	0.132	33.52	36.4	9.2	0.182
SE:C0017979	289	52.79	26.64	4.5	0.11	42.1	34.43	10.9	0.189
SE:C0007860	91	21.98	45.6	7.14	0.185	15.48	63.74	21.43	0.342
SE:C0152013	73	13.27	26.71	4.11	inf	11.77	27.4	6.85	inf
SE:C0392699	155	38.6	33.87	5.48	inf	32.72	41.29	12.26	inf
SE:C0019151	299	51.25	22.41	3.01	inf	43.12	28.09	4.85	inf
SE:C0009410	77	12.79	33.77	3.9	inf	11.18	35.71	11.04	inf
SE:C0264906	172	30.37	25.29	3.49	inf	26.12	29.94	4.94	inf
SE:C0398353	2132	72.89	11.96	1.27	inf	30.91	36.98	6.87	inf
SE:C0019270	361	55.26	18.14	2.08	0.078	43.1	26.59	4.57	0.123
SE:C0027719	526	67.99	16.44	1.43	0.067	53.05	24.24	3.71	0.105
SE:C0009241	677	59.36	18.32	2.66	0.083	40.28	32.05	7.75	0.159
SE:C0024586	251	42.82	23.11	2.39	inf	37.02	25.7	3.98	inf
SE:C0024523	125	31.34	28.4	2.8	inf	27.18	33.2	8.4	inf
SE:C0020615	1244	80.01	13.5	1.25	0.058	53.37	23.47	3.86	0.106
SE:C0085580	219	53.02	24.66	3.88	inf	43.54	32.42	11.19	inf
SE:C0013274	79	3.97	72.78	15.19	inf	2.87	79.75	29.75	inf
SE:C0085584	776	69.44	15.85	1.93	0.074	48.95	25.97	5.22	0.124
SE:C0013395	1314	75.12	15.22	2.02	0.07	44.38	29.3	6.28	0.14
SE:C0002884	51	2.03	31.37	2.94	inf	1.78	31.37	4.9	inf
SE:C0001969	148	11.51	25.68	2.36	inf	10.35	27.03	3.72	inf
SE:C0034359	113	25.63	31.42	5.31	inf	22.66	34.51	7.52	inf
SE:C0042024	1061	67.16	18.14	2.78	0.085	41.01	32.28	8.34	0.165
SE:C0023524	108	7.2	32.87	5.09	inf	6.22	34.72	12.04	inf
SE:C0010414	105	3.61	40.95	3.33	inf	3.18	43.81	7.14	inf
SE:C0027080	425	64.0	17.65	2.71	0.085	52.28	23.18	4.24	0.11
SE:C0151706	335	55.23	20.3	2.69	0.093	43.78	29.85	10.75	0.176
SE:C0042164	85	1.04	34.12	10.0	inf	0.91	34.12	13.53	inf
SE:C0014869	334	59.44	20.51	1.95	0.076	45.59	29.04	5.69	0.137
SE:C0018924	72	10.57	36.81	3.47	inf	8.99	42.36	12.5	inf
SE:C0270629	84	28.61	32.14	2.38	inf	23.35	42.26	8.33	inf
SE:C0151827	467	61.86	21.2	3.43	0.095	48.3	28.37	7.39	0.145
SE:C0027441	622	74.91	15.03	1.61	0.068	58.21	21.06	3.86	0.101
SE:C0085649	2198	83.04	11.6	1.32	0.054	38.71	29.89	6.73	0.145
SE:C0006852	155	42.69	30.65	3.87	0.125	34.86	38.39	16.13	0.246
SE:C0035305	211	38.07	28.91	2.84	inf	31.48	40.76	9.48	inf
SE:C0003874	146	41.18	22.6	2.05	inf	35.87	27.05	5.14	inf
SE:C1527344	610	68.9	16.39	1.8	0.071	52.24	25.33	4.43	0.116
SE:C0008031	2101	80.93	11.35	1.45	0.055	38.88	28.37	4.14	0.12
SE:C0029443	805	55.07	20.31	2.3	0.087	32.94	40.5	10.31	0.198
SE:C0018799	1141	76.04	12.58	1.18	0.056	49.28	21.6	3.24	0.098
SE:C0017658	131	19.52	33.59	3.44	inf	17.15	37.02	12.21	inf
SE:C0022603	128	31.79	32.81	6.25	0.146	24.93	47.66	23.05	0.309
SE:C0043144	844	71.02	14.75	1.78	0.067	48.82	25.71	4.44	0.118
SE:C0699790	193	26.29	22.8	3.89	inf	23.23	23.83	5.7	inf
SE:C0007570	135	39.19	31.48	3.7	inf	33.71	36.67	8.89	inf
SE:C0032776	113	27.57	44.69	8.41	inf	21.52	53.1	23.89	inf
SE:C0031046	291	57.72	21.48	3.09	0.092	47.57	28.18	5.15	0.128
SE:C0235974	132	15.55	24.24	2.65	inf	13.47	29.17	9.47	inf
SE:C0038363	259	53.1	20.27	3.28	inf	43.57	27.22	8.69	inf
SE:C0038379	199	33.75	27.14	3.77	inf	29.63	31.91	6.03	inf
SE:C0015645	52	8.9	49.04	6.73	inf	7.89	53.85	14.42	inf
SE:C0020433	744	66.42	16.33	1.95	0.072	46.56	26.21	5.98	0.132
SE:C0206062	657	70.04	16.67	2.82	0.08	54.61	23.36	4.95	0.113
SE:C0039231	1756	81.82	12.7	1.68	0.061	48.22	24.4	4.41	0.114
SE:C0085786	64	19.8	21.09	0.78	inf	17.87	24.22	0.78	inf
SE:C0740394	341	70.1	16.57	2.79	inf	59.35	21.55	3.96	inf
SE:C0005818	96	10.31	36.98	3.65	inf	8.95	41.15	9.9	inf
SE:C0497156	915	69.92	17.6	1.86	0.072	47.69	28.69	7.21	0.145
SE:C0006846	61	24.15	36.89	4.92	inf	21.71	40.16	16.39	inf
SE:C0032533	122	44.78	19.26	3.69	inf	38.75	23.77	6.15	inf
SE:C0149696	107	23.53	32.24	4.21	inf	20.54	35.98	9.81	inf
SE:C0836924	707	70.83	15.21	1.91	0.071	52.11	22.56	4.38	0.112
SE:C0006144	101	21.5	43.07	8.91	inf	17.59	52.97	19.8	inf
SE:C0040460	505	48.27	23.07	3.37	0.101	30.43	42.48	12.08	0.216
SE:C0020672	525	68.49	16.48	2.0	0.075	54.51	23.14	4.19	0.107
SE:C0027121	346	63.44	22.11	3.03	0.095	52.0	30.35	7.8	0.154
SE:C0024205	165	39.41	30.61	3.94	inf	31.96	44.55	12.12	inf
SE:C0015544	334	62.99	20.66	3.59	0.093	50.55	26.65	6.29	0.137
SE:C0017574	566	50.58	23.23	2.83	0.099	33.62	40.64	9.63	0.2
SE:C0002878	272	49.12	20.96	3.49	inf	42.6	24.63	5.51	inf
SE:C0011848	123	13.95	39.84	6.5	inf	12.05	43.5	13.82	inf
SE:C0023418	426	60.73	20.19	2.0	0.082	47.53	28.87	6.22	0.134
SE:C0014518	476	67.32	17.12	1.47	0.072	51.28	25.42	4.73	0.116
SE:C0267112	336	57.22	20.68	2.38	0.089	46.07	29.61	5.65	0.134
SE:C0039591	93	10.25	52.69	9.68	inf	8.47	58.06	18.82	inf
SE:C0018801	937	76.26	13.71	1.07	0.06	55.5	21.34	2.99	0.095
SE:C0151632	378	59.8	17.99	1.85	0.075	47.45	29.37	6.75	0.135
SE:C0231528	1259	79.0	12.11	1.43	0.057	51.21	22.04	4.49	0.108
SE:C0149741	57	9.42	44.74	5.26	inf	8.15	50.0	15.79	inf
SE:C0040128	385	59.7	17.79	3.25	0.089	46.81	24.55	7.92	0.147
SE:C0003864	960	66.54	16.72	1.61	0.072	40.1	31.46	6.35	0.149
SE:C0026896	117	19.68	30.34	2.99	inf	17.33	32.48	8.97	inf
SE:C0037672	334	46.36	21.11	1.65	0.089	33.22	46.26	7.93	0.199
SE:C0435630	231	55.47	21.0	1.52	0.08	44.8	29.87	5.84	0.14
SE:C0426636	72	12.33	30.56	3.47	inf	10.96	36.81	6.25	inf
SE:C0026265	217	51.57	21.89	2.76	0.096	43.45	32.03	9.22	0.168
SE:C0029927	329	48.59	26.75	2.43	0.104	34.5	40.88	15.05	0.243
SE:C0014488	105	27.75	40.48	6.19	inf	21.49	52.86	16.19	inf
SE:C0870082	286	50.29	26.05	4.02	0.114	38.54	40.03	13.46	0.227
SE:C0262578	74	26.62	38.51	9.46	inf	21.7	50.68	20.27	inf
SE:C0029878	184	44.76	29.08	2.72	0.108	37.22	41.58	14.4	0.232
SE:C0242301	187	39.06	32.35	4.01	inf	32.21	43.58	21.12	inf
SE:C0035078	1889	78.24	13.55	1.43	0.06	43.2	26.68	4.31	0.118
SE:C1253936	248	54.84	23.59	3.23	0.106	45.07	35.08	12.1	0.2
SE:C0007280	167	40.57	29.04	3.59	0.111	32.9	41.32	8.98	0.185
SE:C0032285	2443	85.56	11.81	1.19	inf	37.75	26.81	4.97	inf
SE:C0262431	367	62.09	18.12	2.18	0.079	49.43	26.98	5.31	0.125
SE:C0019159	61	5.73	57.38	4.92	inf	4.66	58.2	22.13	inf
SE:C0027769	826	67.62	17.62	1.69	0.072	44.15	28.39	6.54	0.139
SE:C0013404	2603	84.32	11.29	1.4	0.055	38.15	27.87	4.86	0.126
SE:C0151517	308	58.17	22.24	2.92	0.095	49.28	29.06	6.49	0.138
SE:C0003486	310	61.6	16.94	2.58	0.083	49.25	22.74	6.45	0.125
SE:C0006849	699	66.17	16.02	2.43	0.077	47.0	27.25	7.08	0.141
SE:C0007177	169	36.79	27.51	3.85	inf	32.07	33.14	7.69	inf
SE:C0002726	83	1.95	41.57	8.43	inf	1.64	42.77	19.28	inf
SE:C0013144	1554	77.74	13.19	1.87	0.064	46.21	27.16	5.98	0.132
SE:C0017565	376	51.3	23.27	3.86	0.099	38.79	34.04	10.37	0.181
SE:C0020258	51	10.54	51.96	7.84	inf	8.32	54.9	25.49	inf
SE:C0151908	612	59.26	16.42	2.78	0.083	42.35	30.8	6.7	0.147
SE:C1269683	463	56.14	19.55	2.38	0.086	38.97	31.86	7.99	0.16
SE:C0001339	612	62.97	18.22	2.45	0.081	46.38	29.41	8.42	0.156
SE:C0018021	326	58.2	21.93	3.22	0.091	46.71	29.29	7.67	0.153
SE:C0149531	206	57.55	22.09	4.61	0.11	48.14	28.64	10.19	0.164
SE:C0019158	725	68.83	14.69	1.31	inf	51.25	23.1	3.79	inf
SE:C0600139	340	59.53	19.71	2.79	inf	47.55	29.12	5.88	inf
SE:C0020649	2856	88.51	11.41	1.14	0.052	36.77	29.74	5.83	0.141
SE:C0010055	132	34.54	33.33	2.65	inf	29.8	38.26	6.06	inf
SE:C0267596	921	69.71	15.42	2.01	0.07	46.93	24.81	5.27	0.12
SE:C0020542	867	64.21	16.96	1.61	0.072	42.85	28.89	5.77	0.136
SE:C0024198	65	3.02	36.92	7.69	inf	2.61	37.69	10.0	inf
SE:C0006625	284	60.07	19.01	1.41	inf	49.93	26.58	4.93	inf
SE:C0151480	311	53.53	22.51	2.09	0.086	42.53	31.35	9.65	0.171
SE:C0079102	59	0.2	13.56	7.63	inf	0.2	13.56	7.63	inf
SE:C0005745	206	57.0	25.24	3.16	inf	48.72	29.13	10.68	inf
SE:C0017086	271	58.74	21.96	3.51	inf	49.4	29.15	7.56	inf
SE:C0002874	167	23.26	28.74	1.8	inf	20.42	32.63	7.19	inf
SE:C0035854	194	44.96	28.61	2.06	0.101	34.93	39.95	8.51	0.197
SE:C0036396	425	53.7	20.94	3.29	0.095	38.98	31.29	8.94	0.167
SE:C0035522	529	64.98	16.07	1.42	0.069	49.24	22.97	3.78	0.106
SE:C0009144	100	21.67	36.5	4.5	inf	18.61	41.5	12.0	inf
SE:C0040822	1441	74.49	14.64	1.67	0.066	45.76	25.23	4.65	0.118
SE:C0002962	988	66.27	13.77	1.57	0.063	42.35	24.49	3.59	0.107
SE:C0013428	880	65.74	17.73	1.82	0.075	42.87	30.17	8.3	0.158
SE:C0027813	257	56.62	27.63	3.31	inf	47.32	33.46	8.75	inf
SE:C0019521	216	41.8	23.38	4.63	inf	36.69	28.01	7.41	inf
SE:C0013146	231	42.56	20.35	1.95	0.086	30.03	49.35	7.14	0.197
SE:C0038220	190	28.35	22.63	2.37	inf	24.93	24.47	3.68	inf
SE:C0033246	96	18.96	38.02	5.21	inf	16.01	41.67	15.62	inf
SE:C0003872	111	33.43	30.18	4.5	inf	27.78	35.59	10.81	inf
SE:C0017601	573	60.12	19.72	2.36	0.082	42.76	30.1	8.03	0.158
SE:C0003708	81	24.04	40.74	2.47	inf	19.27	48.77	22.84	inf
SE:C0020453	196	38.97	26.28	3.32	inf	32.12	34.18	10.71	inf
SE:C0023467	257	52.5	22.37	3.11	inf	44.69	26.65	5.64	inf
SE:C0041755	475	66.4	16.84	1.16	0.07	51.75	24.74	4.63	0.121
SE:C0009324	198	35.22	29.55	3.79	inf	30.08	36.62	5.05	inf
SE:C0973461	309	50.46	22.65	2.1	0.092	38.25	35.11	7.77	0.167
SE:C0015256	441	60.8	19.73	2.49	0.085	45.77	27.89	6.46	0.136
SE:C0271468	80	26.94	46.88	10.0	inf	22.15	55.0	27.5	inf
SE:C0012691	273	57.61	16.67	2.01	0.075	47.63	22.16	5.13	0.113
SE:C0016053	775	58.42	18.06	3.1	0.087	33.1	33.55	8.84	0.173
SE:C0699885	161	41.25	21.12	3.73	inf	36.6	22.67	4.04	inf
SE:C0026780	60	50.93	25.0	3.33	0.109	42.54	32.5	6.67	0.144
SE:C0017168	1412	67.17	15.26	1.56	0.066	33.89	35.59	6.41	0.158
SE:C0039504	249	35.21	27.71	2.21	0.102	21.23	60.84	27.91	0.384
SE:C1384666	433	64.8	19.52	3.35	0.093	50.87	26.33	9.01	0.155
SE:C0001430	201	41.41	31.34	5.47	0.141	33.38	44.78	18.66	0.277
SE:C0016665	60	10.85	43.33	5.0	inf	9.43	50.83	8.33	inf
SE:C0038525	296	62.63	20.61	2.87	inf	52.53	24.66	6.59	inf
SE:C0038999	1067	72.61	14.43	1.41	0.063	44.85	27.6	5.62	0.13
SE:C0037315	919	66.67	15.18	2.07	0.072	41.63	28.89	4.79	0.128
SE:C0025297	87	22.21	35.06	5.17	inf	18.61	41.38	10.92	inf
SE:C0002453	175	35.15	33.14	5.43	inf	26.72	48.0	22.0	inf
SE:C0001122	862	70.56	14.27	1.45	0.064	49.94	22.33	4.23	0.107
SE:C1527407	51	0.0	0.0	0.0	inf	0.0	0.0	0.0	inf
SE:C0332687	76	17.77	34.21	5.92	inf	15.69	40.13	10.53	inf
SE:C0039483	65	3.09	49.23	14.62	inf	2.6	52.31	20.0	inf
SE:C0024103	297	47.13	23.57	3.2	0.106	35.72	37.54	9.43	0.185
SE:C0023890	533	58.5	22.33	3.19	0.101	42.8	35.37	10.6	0.192
SE:C0030578	97	28.08	29.9	5.15	inf	24.14	32.99	10.31	inf
SE:C0032326	534	55.83	20.51	3.0	0.093	41.38	33.9	9.64	0.18
SE:C0020440	183	38.29	21.58	1.64	inf	33.67	25.68	3.83	inf
SE:C0023903	121	29.95	30.58	4.13	inf	26.36	41.32	13.22	inf
SE:C0037036	220	49.52	22.73	2.05	inf	42.15	28.86	5.68	inf
SE:C0037928	171	49.21	25.44	4.09	inf	41.7	28.36	8.19	inf
SE:C0025061	83	20.1	38.55	5.42	inf	17.23	45.78	15.66	inf
SE:C0041909	450	59.27	19.44	3.0	0.09	45.58	28.33	5.56	0.132
SE:C0035302	73	0.6	26.03	6.16	inf	0.53	26.03	10.27	inf
SE:C0032308	260	53.82	22.69	3.27	0.1	44.07	29.81	7.5	0.152
SE:C1384606	59	14.4	54.24	5.08	inf	11.18	65.25	31.36	inf
SE:C0042487	946	78.85	13.27	1.53	0.061	55.68	20.4	3.44	0.096
SE:C0037195	179	49.64	23.18	2.23	0.093	41.43	29.33	5.59	0.135
SE:C0011882	516	51.56	19.57	2.23	0.085	32.56	43.8	10.27	0.216
SE:C0005961	212	45.26	21.93	2.83	0.096	33.87	38.21	10.14	0.186
SE:C0002064	109	24.72	22.48	2.75	inf	21.68	27.06	3.21	inf
SE:C0152021	91	3.43	46.15	12.09	inf	3.1	46.7	14.84	inf
SE:C0011884	298	40.92	29.03	3.69	0.117	28.69	51.34	18.46	0.293
SE:C0039240	590	67.68	16.53	1.69	0.073	50.59	26.1	4.92	0.124
SE:C1260880	662	62.09	17.45	2.04	0.077	44.38	28.1	6.04	0.135
SE:C0152031	918	74.49	15.69	1.96	0.071	52.04	23.75	5.56	0.123
SE:C0004245	325	59.33	19.38	2.15	inf	49.26	23.08	5.08	inf
SE:C0080194	300	56.33	17.5	2.67	0.083	43.33	29.17	6.67	0.135
SE:C0008350	1102	65.22	16.61	1.77	0.073	38.05	35.48	7.44	0.167
SE:C0014591	816	78.98	14.15	1.84	0.064	60.22	20.1	3.8	0.097
SE:C0159877	333	57.34	21.47	1.95	0.086	44.75	30.03	8.26	0.156
SE:C0152029	304	52.89	24.01	2.47	0.1	41.26	34.21	8.72	0.172
SE:C0029925	121	15.15	40.5	4.13	inf	13.24	42.56	9.92	inf
SE:C0016807	154	43.36	20.45	1.95	inf	37.82	24.68	4.87	inf
SE:C0003635	91	11.62	31.87	4.95	inf	10.13	36.81	5.49	inf
SE:C0030353	153	17.58	51.31	8.17	inf	14.58	56.86	20.92	inf
SE:C0027059	190	29.5	22.11	2.63	inf	25.72	25.53	3.68	inf
SE:C0024902	280	47.37	26.07	4.11	0.118	36.42	39.11	12.5	0.209
SE:C0155540	74	23.81	50.68	4.73	inf	20.32	52.7	33.78	inf
SE:C0016658	297	60.15	22.56	2.69	0.091	49.63	29.63	5.89	0.14
SE:C0162834	152	34.28	29.93	5.92	inf	28.91	35.2	10.86	inf
SE:C0342579	569	69.56	14.15	1.67	0.065	52.76	23.02	3.08	0.098
SE:C0024299	341	62.62	19.21	1.76	inf	52.71	23.9	4.4	inf
SE:C0011881	126	30.85	34.13	5.95	inf	26.96	39.68	11.11	inf
SE:C0018520	147	36.69	29.59	4.08	inf	29.78	42.18	13.95	inf
SE:C0702166	349	64.26	19.34	2.44	inf	53.32	25.36	6.02	inf
SE:C0008035	250	53.7	23.0	3.4	0.098	43.4	30.4	10.2	0.177
SE:C0152027	422	66.78	17.18	2.96	0.082	54.78	22.39	5.45	0.115
SE:C0152169	57	0.87	31.58	11.4	inf	0.74	31.58	13.16	inf
SE:C0575090	990	78.32	13.48	2.12	0.065	52.74	21.06	4.04	0.103
SE:C0037383	304	61.87	21.22	2.47	inf	51.21	27.63	7.24	inf
SE:C0042510	532	60.82	21.15	2.26	0.086	47.34	30.64	6.02	0.137
SE:C0003862	1806	73.95	13.95	1.8	0.065	35.6	34.83	8.91	0.176
SE:C0003611	119	22.12	39.5	3.78	inf	18.32	47.48	8.82	inf
SE:C0001948	286	57.42	23.6	2.45	0.093	47.28	30.77	8.04	0.163
SE:C0026764	442	65.17	18.44	2.94	0.087	48.74	31.56	7.58	0.152
SE:C0001126	92	0.0	0.0	0.0	inf	0.0	0.0	0.0	inf
SE:C0034072	152	56.88	20.39	2.96	inf	48.56	26.32	8.88	inf
SE:C0242379	412	67.43	18.57	1.82	inf	55.07	24.76	5.95	inf
SE:C0274435	117	41.06	33.76	4.27	0.134	35.5	42.31	14.96	0.241
SE:C0025874	268	39.79	30.41	3.54	0.12	29.52	42.16	12.87	0.22
SE:C0027726	207	16.93	37.68	4.35	inf	14.78	40.34	9.9	inf
SE:C0005586	519	60.61	17.63	2.02	0.077	40.54	33.62	7.32	0.158
SE:C0232492	1316	78.39	12.88	1.79	0.063	50.21	23.29	4.67	0.113
SE:C0006840	980	71.17	17.3	2.04	0.074	46.43	27.65	7.04	0.141
SE:C0020550	346	62.09	18.93	2.75	0.083	50.55	27.75	5.92	0.129
SE:C0151766	1096	78.0	14.42	1.51	inf	52.79	23.49	4.15	inf
SE:C0037998	130	43.04	23.85	5.0	inf	37.66	27.69	8.08	inf
SE:C0878544	789	67.16	15.91	1.65	0.068	45.68	25.29	5.13	0.12
SE:C0022408	776	63.87	16.75	1.61	0.072	42.97	27.13	5.15	0.125
SE:C0024110	71	2.27	30.99	4.23	inf	2.04	33.1	5.63	inf
SE:C0006118	146	37.52	21.92	4.11	inf	33.27	23.97	6.85	inf
SE:C0013298	296	55.01	23.99	2.53	inf	45.0	32.77	11.15	inf
SE:C0034880	86	4.47	56.98	8.14	inf	3.92	59.88	13.95	inf
SE:C0034063	1230	76.03	13.5	1.5	0.06	48.47	23.58	4.35	0.111
SE:C0917799	535	65.87	15.33	1.96	0.07	48.84	24.67	4.77	0.115
SE:C0026650	452	67.92	17.59	2.32	0.079	55.82	22.12	5.64	0.115
SE:C0917798	455	67.36	16.59	1.65	0.072	53.13	24.18	3.96	0.11
SE:C0262385	148	33.4	22.97	3.72	inf	29.48	27.36	6.76	inf
SE:C0014868	914	70.92	14.99	2.3	0.071	46.93	25.22	6.89	0.136
SE:C0023211	441	58.38	19.5	4.54	0.1	44.48	27.44	7.94	0.151
SE:C0012813	694	65.08	16.07	2.38	0.077	45.29	25.43	6.12	0.13
SE:C0031256	402	64.73	17.16	2.49	inf	52.38	22.39	4.85	inf
SE:C0007286	621	61.12	17.15	1.61	0.071	39.8	31.88	6.84	0.148
SE:C0162429	730	68.31	18.01	2.05	0.078	46.32	28.01	7.74	0.152
SE:C0007784	514	68.47	18.09	2.04	0.077	55.37	22.96	3.79	0.105
SE:C0032302	134	12.07	34.33	2.99	inf	10.74	37.31	4.48	inf
SE:C0006112	274	64.0	19.34	2.55	inf	53.72	25.0	5.84	inf
SE:C0019557	392	70.35	18.11	3.32	0.087	57.35	23.6	5.48	0.119
SE:C0231218	1459	84.15	12.37	1.47	0.058	57.38	19.98	3.12	0.092
SE:C0026946	845	63.11	17.34	2.43	0.079	40.77	30.36	7.99	0.157
SE:C0043246	398	66.09	19.1	2.26	0.084	53.02	26.01	5.65	0.127
SE:C0011854	333	55.82	22.67	3.0	0.094	42.63	32.13	7.81	0.164
SE:C0019163	119	0.75	20.59	6.72	inf	0.71	21.01	6.72	inf
SE:C0005747	585	66.21	18.29	2.22	0.078	50.42	26.15	5.73	0.127
SE:C0022661	914	70.23	17.18	2.02	0.075	46.52	28.88	5.58	0.133
SE:C0003467	1898	69.88	14.12	1.48	0.063	32.42	35.99	7.69	0.166
SE:C0151970	246	52.84	21.75	3.86	0.104	43.68	32.52	11.99	0.191
SE:C0011630	93	25.32	23.12	2.15	inf	21.98	29.57	4.84	inf
SE:C0264545	169	49.59	25.74	4.44	inf	43.04	28.4	9.17	inf
SE:C0002940	243	53.91	20.99	1.65	0.08	43.92	27.16	6.58	0.137
SE:C0009193	50	10.83	60.0	5.0	inf	7.69	70.0	32.0	inf
SE:C0011609	373	58.69	21.31	2.14	inf	49.18	27.61	3.49	inf
SE:C0152030	122	37.82	21.31	1.23	inf	33.75	24.18	3.28	inf
SE:C0242362	715	58.59	18.25	2.38	0.084	38.28	31.89	7.13	0.154
SE:C0007820	237	51.33	24.05	3.59	inf	44.02	28.27	10.76	inf
SE:C0009326	50	1.5	45.0	10.0	inf	1.29	45.0	19.0	inf
SE:C0026948	60	8.61	35.83	5.0	inf	7.27	37.5	15.0	inf
SE:C0262414	55	0.25	21.82	19.09	inf	0.24	21.82	20.0	inf
SE:C0151786	1141	77.81	14.46	1.67	0.065	51.9	24.89	5.08	0.119
SE:C0009782	97	36.2	31.44	4.64	inf	31.56	38.14	16.49	inf
SE:C0026986	317	57.71	19.24	2.52	inf	47.73	23.97	5.84	inf
SE:C0001818	115	29.78	37.39	4.35	0.148	23.34	46.96	17.39	0.274
SE:C0024141	397	65.08	19.14	2.9	0.084	49.53	28.46	8.82	0.152
SE:C0028734	424	53.74	21.7	3.18	0.1	39.8	33.84	8.49	0.168
SE:C0019193	220	42.7	24.32	2.95	inf	37.31	27.27	8.64	inf
SE:C0424230	96	7.94	40.62	5.21	inf	7.17	44.27	7.81	inf
SE:C0014335	196	53.4	18.88	1.79	inf	45.42	22.7	4.85	inf
SE:C0085636	376	60.27	21.28	2.66	0.091	47.86	30.85	8.78	0.164
SE:C0009088	60	19.18	27.5	5.0	inf	16.8	31.67	8.33	inf
SE:C0016436	118	13.92	29.66	3.81	inf	12.31	33.05	6.36	inf
SE:C0003537	564	66.4	18.97	2.3	0.079	51.73	26.95	6.47	0.135
SE:C0152018	112	22.36	33.04	5.36	inf	19.12	38.39	7.59	inf
SE:C0022679	544	64.38	18.11	2.21	0.078	47.58	27.3	5.33	0.129
SE:C0156369	78	20.81	48.72	7.05	inf	16.84	58.97	20.51	inf
SE:C0010043	81	12.5	37.65	4.94	inf	10.69	41.36	16.05	inf
SE:C0022893	159	46.47	27.36	4.09	inf	39.78	37.11	8.49	inf
SE:C0392525	724	70.63	14.5	2.14	0.069	50.21	24.86	6.7	0.131
SE:C0019189	114	29.51	28.95	3.07	inf	25.38	33.77	7.46	inf
SE:C0085619	323	52.3	26.16	2.63	0.101	40.97	39.01	11.15	0.205
SE:C0036439	229	53.66	21.18	2.84	0.098	43.66	29.04	8.08	0.156
SE:C0032768	108	28.58	40.74	5.56	inf	24.42	43.52	17.59	inf
SE:C0005424	205	49.42	23.41	2.93	inf	40.73	32.2	7.07	inf
SE:C0006271	63	2.75	36.51	10.32	inf	2.37	38.1	15.87	inf
SE:C0015423	122	33.01	32.38	1.64	inf	27.7	39.75	12.7	inf
SE:C0034067	488	68.26	17.62	2.05	0.08	52.35	24.39	5.12	0.12
SE:C0018418	222	41.53	27.93	3.6	inf	35.58	36.26	13.96	inf
SE:C0007462	92	30.41	35.87	5.43	inf	25.98	40.22	9.78	inf
SE:C0042909	125	24.8	37.6	3.2	inf	20.03	50.0	8.8	inf
SE:C0018800	1097	69.66	14.27	1.73	0.068	44.19	26.8	5.1	0.123
SE:C0015672	2426	85.81	11.93	1.38	0.055	38.86	28.26	7.13	0.147
SE:C0022660	1794	77.5	11.93	1.42	0.057	43.75	23.08	4.35	0.109
SE:C1510471	55	1.73	36.36	5.45	inf	1.58	37.27	6.36	inf
SE:C0002736	79	11.44	44.94	7.59	inf	9.63	46.84	24.68	inf
SE:C0034069	480	59.77	19.38	2.19	0.085	46.55	29.38	5.94	0.138
SE:C0042267	241	46.17	27.39	4.15	0.114	35.42	40.25	12.24	0.216
SE:C0033975	573	58.89	19.81	2.09	0.081	42.87	28.53	5.76	0.135
SE:C0042963	2304	68.54	14.43	1.74	0.067	32.87	35.81	6.27	0.157
SE:C0028081	724	60.31	20.37	2.14	0.087	39.5	36.26	11.95	0.202
SE:C0235946	477	65.13	17.92	2.62	0.079	50.16	24.74	5.35	0.12
SE:C0085593	1374	84.49	11.43	1.42	0.055	53.87	20.12	3.6	0.096
SE:C0151699	273	51.5	21.79	3.48	inf	44.56	28.94	6.78	inf
SE:C0024050	298	58.58	19.97	3.52	0.096	47.13	28.52	6.38	0.134
SE:C0042514	709	67.0	15.87	1.41	0.068	48.72	24.54	4.09	0.114
SE:C0028084	459	58.88	21.9	2.4	0.087	44.45	30.94	6.75	0.152
SE:C0281774	89	12.71	37.08	5.06	inf	11.1	40.45	8.99	inf
SE:C0004153	337	59.06	19.44	2.37	0.087	47.44	27.89	6.23	0.139
SE:C0040485	75	13.87	48.67	8.0	inf	11.89	54.67	20.0	inf
SE:C0023798	975	65.47	17.13	2.05	0.075	40.53	31.44	6.82	0.149
SE:C0006444	609	50.84	19.54	1.31	0.082	29.47	43.1	15.02	0.245
SE:C0149520	207	56.68	19.57	1.69	inf	48.15	23.67	6.28	inf
SE:C0023530	831	74.26	13.3	1.32	0.06	54.3	19.92	3.13	0.093
SE:C0035222	716	74.04	14.04	2.03	0.067	54.18	20.25	4.26	0.102
SE:C0042798	141	0.17	7.8	2.84	inf	0.16	7.8	3.19	inf
SE:C0021141	301	67.72	15.95	1.99	inf	58.02	20.6	4.15	inf
SE:C0034735	194	41.82	29.38	4.38	inf	32.29	45.1	15.98	inf
SE:C0026267	267	47.69	22.66	2.81	0.1	35.59	37.64	10.49	0.186
SE:C0079035	106	1.8	33.49	7.08	inf	1.58	33.49	8.02	inf
SE:C0003123	1817	82.49	11.97	1.13	0.055	46.84	23.12	4.02	0.109
SE:C0037299	673	69.94	16.12	2.01	0.073	51.06	25.11	6.61	0.129
SE:C0006105	82	4.57	35.98	4.27	inf	4.12	37.2	6.1	inf
SE:C0016034	145	39.2	30.34	4.48	inf	29.56	41.38	15.52	inf
SE:C0010054	1348	67.5	14.76	1.48	0.065	34.74	31.01	4.56	0.134
SE:C0014553	316	54.86	17.72	3.16	inf	45.96	25.0	6.65	inf
SE:C0035410	805	74.43	14.53	1.68	0.064	56.27	21.68	4.22	0.102
SE:C0030305	1074	74.77	13.69	1.3	0.061	49.22	22.49	3.45	0.102
SE:C0016059	329	44.42	28.57	2.28	0.105	30.64	51.52	16.72	0.276
SE:C0015806	135	8.56	30.74	3.7	inf	7.76	32.59	6.67	inf
SE:C0038663	587	56.63	18.4	2.13	0.081	39.39	31.6	6.39	0.148
SE:C0085652	90	22.3	26.11	4.44	inf	18.68	37.22	6.67	inf
SE:C0042134	93	21.72	37.1	6.45	inf	18.97	41.94	16.67	inf
SE:C0162323	200	48.27	26.75	4.0	inf	40.01	33.5	9.75	inf
SE:C0027796	537	66.62	20.48	2.79	0.087	48.82	28.4	8.19	0.156
SE:C0271650	210	46.48	23.1	2.14	inf	40.23	30.0	9.29	inf
SE:C0022346	794	67.02	16.37	1.64	0.073	49.38	23.93	4.91	0.117
SE:C0038358	634	64.43	18.53	2.44	0.08	47.0	25.55	5.84	0.129
SE:C0015967	2180	78.08	13.56	1.49	0.061	42.37	28.07	4.93	0.127
SE:C0259817	85	6.47	70.0	10.59	inf	4.94	75.88	26.47	inf
SE:C0027339	195	50.3	22.05	3.59	inf	42.66	33.08	13.85	inf
SE:C0042420	314	58.31	20.7	2.55	inf	47.28	31.21	5.89	inf
SE:C0033845	63	3.17	65.08	15.08	inf	2.76	65.87	22.22	inf
SE:C0010032	68	3.03	59.56	16.18	inf	2.69	60.29	22.79	inf
SE:C1442903	403	49.91	24.57	2.98	0.104	35.4	38.09	12.16	0.207
SE:C0028259	334	55.04	24.25	4.04	0.11	44.01	30.84	10.33	0.179
SE:C0267716	103	23.36	35.92	6.31	inf	19.69	44.66	16.5	inf
SE:C0553723	104	27.29	42.79	3.37	inf	23.11	50.0	12.5	inf
SE:C0011175	1910	83.9	11.78	1.44	0.055	45.41	23.98	4.11	0.109
SE:C0020557	389	61.69	20.69	3.21	0.089	48.08	30.21	6.81	0.146
SE:C0018946	315	57.34	21.27	3.97	inf	48.35	27.62	7.3	inf
SE:C0016242	196	41.85	28.57	3.83	0.117	34.48	38.01	6.63	0.165
SE:C0267566	111	23.99	45.5	4.05	inf	19.64	57.21	20.72	inf
SE:C0023518	766	72.06	15.54	1.89	0.068	51.22	24.8	3.98	0.111
SE:C0027947	1517	73.2	12.92	1.65	0.062	43.66	24.65	3.59	0.109
SE:C0019196	320	57.65	21.41	2.5	inf	46.41	28.91	5.62	inf
SE:C0242172	93	28.24	47.31	2.15	0.147	22.58	57.53	26.88	0.365
SE:C0032584	254	57.0	22.83	3.74	inf	48.62	26.57	5.91	inf
SE:C0040435	557	46.69	21.36	2.96	0.094	28.42	41.2	11.49	0.213
SE:C0262613	138	42.52	25.36	3.62	inf	36.72	30.8	7.25	inf
SE:C0241353	71	7.63	44.37	4.23	inf	6.54	45.77	16.2	inf
SE:C0149521	418	45.83	21.53	2.87	0.096	31.11	42.22	10.65	0.204
SE:C0007282	542	61.06	15.68	1.57	0.07	44.31	25.0	4.8	0.119
SE:C0014534	79	4.72	63.29	12.03	inf	3.58	66.46	34.81	inf
SE:C0027822	72	6.34	54.17	7.64	inf	5.44	56.94	28.47	inf
SE:C0190211	65	3.61	50.77	10.0	inf	2.83	55.38	24.62	inf
SE:C0221264	152	27.07	20.07	1.64	inf	23.63	22.7	3.29	inf
SE:C0005826	251	59.58	18.92	2.99	inf	51.19	23.51	4.58	inf
SE:C0017181	1177	71.64	14.87	1.91	inf	46.48	24.77	4.33	inf
SE:C0030552	294	60.78	18.88	2.04	inf	51.03	25.17	4.25	inf
SE:C0038395	388	61.4	19.33	2.71	0.089	47.87	28.22	8.12	0.149
SE:C0013473	616	61.58	17.21	1.3	0.068	43.35	37.58	13.07	0.209
SE:C0040259	76	30.7	34.21	4.61	inf	26.8	40.79	6.58	inf
SE:C0013595	359	58.08	21.03	2.79	0.091	47.19	29.39	8.36	0.164
SE:C0149871	1194	73.44	13.15	1.76	0.062	46.32	23.32	4.06	0.109
SE:C0004095	66	0.83	22.73	3.79	inf	0.7	22.73	6.82	inf
SE:C1145670	1596	78.21	11.87	1.54	0.058	43.67	22.99	3.98	0.108
SE:C0178428	68	0.0	0.0	0.0	inf	0.0	0.0	0.0	inf
SE:C0242184	1180	72.41	16.06	1.82	0.068	44.74	25.76	5.21	0.124
SE:C0036572	1368	80.81	13.19	1.68	0.062	53.57	22.08	3.51	0.1
SE:C0018916	153	34.58	34.97	7.52	inf	27.64	52.61	25.16	inf
SE:C0231807	966	68.88	16.51	1.81	0.07	44.59	28.0	5.64	0.134
SE:C0235328	73	7.73	42.47	6.16	inf	6.66	48.63	17.81	inf
SE:C0015469	440	58.7	20.34	2.05	0.083	45.63	27.84	5.8	0.13
SE:C0043094	1711	74.67	13.27	1.34	0.061	38.08	33.52	7.48	0.162
SE:C0178415	193	45.1	23.58	2.85	inf	38.58	29.53	6.22	inf
SE:C0014866	150	32.05	34.67	3.33	inf	27.31	40.67	18.33	inf
SE:C0014394	102	16.44	36.27	4.41	inf	13.5	42.16	18.14	inf
SE:C0010200	1764	82.33	11.76	1.28	0.054	44.85	24.23	4.65	0.115
SE:C0029408	1035	64.54	16.14	1.64	0.069	38.12	31.01	5.17	0.138
SE:C0027424	680	63.32	18.38	1.76	0.076	43.08	31.18	8.01	0.159
SE:C0149931	962	69.6	14.66	1.66	0.064	41.2	28.74	5.09	0.131
SE:C0005697	183	51.73	22.4	1.64	inf	44.07	28.42	3.83	inf
SE:C0001824	427	71.43	15.46	1.99	inf	59.72	19.79	3.4	inf
SE:C0008320	388	60.55	20.49	3.74	0.095	46.87	27.96	5.67	0.134
SE:C0600327	75	5.73	58.0	6.0	inf	4.83	60.0	22.0	inf
SE:C0042571	683	69.93	14.93	1.76	0.07	52.58	23.21	4.32	0.11
SE:C0039446	58	3.01	35.34	3.45	inf	2.65	35.34	11.21	inf
SE:C1510472	778	49.57	21.4	2.19	0.088	25.95	48.14	9.9	0.22
SE:C0263912	564	55.47	18.26	2.13	0.08	36.01	36.88	9.84	0.184
SE:C0034886	250	51.16	25.0	3.6	inf	42.02	33.2	8.8	inf
SE:C0020625	1466	72.15	15.38	1.77	0.069	42.29	30.08	4.98	0.135
SE:C0016167	201	37.07	26.87	3.23	inf	28.86	45.27	14.43	inf
SE:C0021345	74	16.34	37.84	5.41	inf	13.44	43.24	13.51	inf
SE:C0519030	179	48.53	28.21	2.51	0.111	41.18	34.08	6.7	0.161
SE:C0242528	392	60.62	18.24	3.06	0.089	48.64	25.64	5.61	0.126
SE:C0042907	68	17.76	38.97	8.82	inf	15.76	41.18	12.5	inf
SE:C0002170	843	70.13	15.24	1.72	0.069	49.63	24.32	5.63	0.123
SE:C0221150	299	56.56	20.9	2.84	0.094	45.84	31.61	7.36	0.158
SE:C0000786	148	5.79	38.51	7.09	inf	5.03	41.89	12.16	inf
SE:C0005001	472	61.12	17.8	2.54	0.083	44.82	28.28	6.78	0.142
SE:C0020565	98	17.76	46.94	5.61	inf	14.93	54.08	11.22	inf
SE:C0043096	1878	81.5	11.58	1.33	0.056	43.09	26.01	4.66	0.119
SE:C0012833	2020	81.55	12.33	1.29	0.056	42.9	27.7	4.33	0.122
SE:C0014130	322	57.18	18.32	2.17	0.083	45.24	31.21	8.39	0.161
SE:C0282488	108	50.23	21.76	3.24	inf	42.87	30.56	5.56	inf
SE:C0085602	593	59.05	21.92	3.2	0.094	42.14	34.74	9.61	0.179
SE:C0024236	227	59.41	18.28	2.2	inf	50.08	23.35	5.95	inf
SE:C0149726	225	51.43	21.11	2.89	0.094	42.9	29.11	5.78	0.133
SE:C0085610	562	64.15	16.19	2.4	0.075	48.64	24.11	5.96	0.122
SE:C0020541	179	31.61	31.28	3.35	0.124	24.53	40.5	10.61	0.205
SE:C0151904	1311	74.91	14.8	1.72	inf	51.2	22.23	3.51	inf
SE:C0699744	354	57.72	22.32	3.39	0.098	43.8	33.47	8.33	0.165
SE:C0003507	383	60.92	16.84	2.48	0.08	47.53	24.15	5.48	0.123
SE:C0086769	667	60.86	18.52	1.95	0.08	39.92	32.98	7.2	0.16
SE:C0015408	114	36.47	35.96	2.19	inf	31.41	42.11	7.89	inf
SE:C0038012	76	5.91	38.82	4.61	inf	5.29	40.79	7.89	inf
SE:C0031154	440	57.78	22.73	2.95	0.096	45.15	32.39	6.82	0.15
SE:C0151636	662	62.71	18.73	2.19	0.08	45.94	28.78	6.04	0.137
SE:C0027343	101	31.07	33.17	3.96	inf	25.85	41.58	12.87	inf
SE:C0022116	440	64.94	17.16	1.82	0.075	51.26	24.89	3.75	0.107
SE:C0085694	231	53.02	21.43	0.87	0.078	42.26	32.03	7.58	0.158
SE:C0018674	666	63.31	16.74	2.63	0.079	45.69	27.7	6.68	0.135
SE:C0152459	73	18.53	43.84	4.79	inf	15.08	52.05	23.29	inf
SE:C0031039	877	63.56	17.5	1.94	0.076	41.35	31.7	9.01	0.169
SE:C0162298	354	50.68	22.32	2.26	0.09	38.01	34.46	9.75	0.179
SE:C0011616	206	56.33	19.17	2.67	inf	48.02	24.27	7.04	inf
SE:C0022602	179	44.98	27.93	3.63	0.119	36.17	41.9	13.13	0.235
SE:C0276143	89	35.12	30.34	4.49	inf	29.53	36.52	16.85	inf
SE:C0042594	148	36.91	32.43	5.07	inf	28.44	53.38	18.92	inf
SE:C0038450	155	11.3	26.45	2.58	inf	9.89	28.71	3.55	inf
SE:C0003873	578	63.17	18.51	2.6	0.085	44.57	30.02	7.44	0.149
SE:C0002792	589	76.57	13.84	1.7	0.065	62.62	18.17	3.57	0.092
SE:C0018681	1980	80.1	11.64	1.16	0.055	41.06	27.83	5.05	0.128
SE:C0018099	469	68.85	15.25	2.35	0.071	53.23	23.88	5.86	0.123
SE:C0015802	278	59.9	18.53	3.42	inf	49.9	23.38	6.12	inf
SE:C0042870	87	12.07	36.78	4.02	inf	10.34	41.38	8.05	inf
SE:C0042769	658	71.38	15.73	2.36	0.075	53.61	23.33	5.4	0.12
SE:C0039239	1034	73.68	14.26	1.93	0.067	46.81	25.0	4.64	0.117
SE:C0009938	1090	73.48	14.45	1.7	0.066	46.06	26.15	5.14	0.126
SE:C0004610	681	66.28	16.23	1.76	0.071	45.64	26.58	5.07	0.125
SE:C0030326	58	1.21	26.72	6.03	inf	1.1	26.72	6.03	inf
SE:C0029936	53	12.82	52.83	4.72	inf	10.67	61.32	23.58	inf
SE:C0036974	868	74.92	13.54	1.15	0.06	56.53	20.1	3.74	0.096
SE:C0008325	657	65.38	16.74	2.21	0.075	45.03	27.25	6.39	0.135
SE:C0027497	2519	69.39	13.62	1.57	0.063	28.84	39.92	7.24	0.174
SE:C0013491	593	79.03	13.24	1.6	0.059	63.19	18.13	3.04	0.085
SE:C0221245	144	28.49	42.01	4.86	inf	24.39	46.18	20.14	inf
SE:C0221166	72	2.76	35.42	2.78	inf	2.55	36.11	3.47	inf
SE:C0018818	84	3.96	83.93	23.21	inf	2.88	88.69	40.48	inf
SE:C0750876	58	4.13	38.79	8.62	inf	3.47	42.24	18.97	inf
SE:C0019294	133	31.27	29.32	2.26	inf	26.95	36.47	7.52	inf
SE:C0851578	910	67.68	16.43	1.92	0.073	44.04	26.54	6.04	0.132
SE:C0019079	769	75.41	15.54	2.41	0.074	55.31	23.8	4.42	0.111
SE:C0006384	150	39.84	21.67	2.0	inf	35.38	24.67	4.67	inf
SE:C0042345	190	44.89	28.16	2.89	0.103	35.86	36.05	9.21	0.184
SE:C0456909	623	59.91	21.27	2.73	0.09	44.89	30.82	6.98	0.151
SE:C0011880	352	62.74	16.9	1.85	0.076	51.0	25.0	3.98	0.111
SE:C0270996	379	61.28	18.07	2.64	0.085	49.23	23.35	4.75	0.116
SE:C0020443	1407	67.24	15.46	1.95	0.072	36.35	32.09	6.72	0.152
SE:C0009806	1763	80.39	12.79	1.56	0.06	42.19	29.01	6.35	0.14
SE:C0558489	252	55.05	21.63	1.19	inf	44.58	30.75	7.14	inf
SE:C0006826	332	56.88	19.13	1.81	inf	48.31	28.31	4.22	inf
SE:C0030299	96	9.53	50.52	6.77	inf	8.52	54.69	13.54	inf
SE:C0238154	53	4.39	45.28	9.43	inf	3.86	47.17	16.98	inf
SE:C0022568	93	9.65	41.4	4.3	inf	8.25	46.77	11.83	inf
SE:C0917801	1545	74.74	14.27	1.49	0.063	40.72	28.58	5.05	0.131
SE:C0162283	121	23.97	32.64	4.13	inf	18.4	49.59	13.22	inf
SE:C0016663	238	47.8	25.21	3.15	inf	38.04	34.45	7.98	inf
SE:C0033687	472	64.48	18.54	2.22	0.079	51.97	26.8	5.72	0.127
SE:C0012569	684	67.12	16.96	2.19	0.073	47.76	27.27	5.85	0.13
SE:C0027404	1436	78.15	13.02	1.43	0.062	46.78	26.6	5.33	0.127
SE:C0042928	96	16.24	28.12	2.08	inf	14.25	34.38	3.12	inf
SE:C0005758	711	71.44	15.47	2.46	0.074	52.9	22.43	5.63	0.118
SE:C0007780	123	32.24	26.42	3.25	inf	28.47	31.71	6.1	inf
SE:C0028077	58	7.39	43.1	4.31	inf	6.43	49.14	12.07	inf
SE:C0043352	952	69.69	15.7	1.79	0.072	46.1	27.0	5.62	0.128
SE:C0003868	97	26.26	30.93	4.64	inf	21.59	40.21	13.92	inf
SE:C0002622	1409	71.04	16.18	1.77	0.07	38.87	32.72	9.01	0.171
SE:C0040590	102	29.05	36.76	4.9	inf	23.86	48.53	24.51	inf
SE:C0019112	769	60.92	17.3	1.5	0.072	39.23	31.01	5.33	0.139
SE:C0013456	548	53.03	18.61	2.37	0.087	34.68	35.49	9.49	0.18
SE:C0037287	225	51.15	24.0	4.0	inf	39.63	40.67	9.56	inf
SE:C0000731	1236	75.04	13.88	1.38	0.06	47.01	25.49	6.03	0.128
SE:C0022575	109	37.69	32.11	6.42	inf	32.62	37.61	17.89	inf
SE:C0004238	1557	79.84	13.84	1.64	0.062	46.08	27.1	4.59	0.123
SE:C0035258	597	62.44	17.0	1.76	0.074	44.21	30.07	6.78	0.146
SE:C0018500	81	21.99	50.62	4.32	inf	17.69	58.02	40.12	inf
SE:C0006266	574	60.65	21.43	2.96	0.093	43.83	34.58	7.58	0.167
SE:C0010034	63	10.36	39.68	6.35	inf	9.42	42.86	8.73	inf
SE:C0020514	66	13.19	36.36	8.33	inf	11.66	37.88	9.85	inf
SE:C0016479	65	6.59	17.69	3.85	inf	5.99	19.23	3.85	inf
SE:C0278008	168	50.99	25.89	3.27	0.106	43.47	37.2	14.58	0.215
SE:C1258666	69	15.37	50.72	5.07	inf	12.78	54.35	23.19	inf
SE:C0151514	72	1.9	41.67	11.81	inf	1.76	41.67	15.97	inf
SE:C0008311	182	38.76	23.63	4.95	inf	33.45	28.57	9.89	inf
SE:C0038362	755	66.97	16.03	1.72	0.069	47.87	25.36	4.24	0.114
SE:C0158252	545	55.78	17.16	2.66	0.083	36.15	30.92	7.16	0.156
SE:C0003044	82	36.87	37.2	4.88	inf	31.82	42.68	17.07	inf
SE:C0344232	1340	74.27	14.1	1.68	0.064	44.37	27.39	6.31	0.136
SE:C0021390	147	29.61	32.31	4.08	inf	24.93	42.18	10.88	inf
SE:C0151971	77	20.38	38.31	3.25	inf	17.62	43.51	10.39	inf
SE:C0005741	117	33.95	33.76	5.13	inf	27.93	42.31	18.8	inf
SE:C0085682	282	56.54	20.04	2.3	0.087	46.71	27.66	4.79	0.123
SE:C0001623	308	58.97	20.94	3.25	0.097	48.46	29.71	8.77	0.164
SE:C0032633	55	19.56	43.64	1.82	inf	15.61	50.0	18.18	inf
SE:C0007859	1021	69.82	15.03	1.91	0.069	41.79	29.77	5.73	0.141
SE:C0020473	917	63.57	15.7	1.58	0.068	40.05	28.08	3.65	0.119
SE:C0034155	271	57.36	20.48	2.95	inf	47.61	25.65	4.8	inf
SE:C0002103	469	49.8	22.39	2.56	0.095	31.43	41.9	11.94	0.218
SE:C0014118	279	56.32	22.58	3.58	0.105	45.19	30.47	6.99	0.147
SE:C0007117	288	52.94	23.09	2.43	inf	42.32	32.81	8.85	inf
SE:C0035309	206	50.0	22.09	2.91	inf	42.52	26.21	5.83	inf
SE:C0314719	278	48.59	22.48	3.06	inf	40.74	28.78	6.29	inf
SE:C0042485	196	55.4	25.0	3.32	inf	46.25	34.18	11.99	inf
SE:C0032305	82	3.32	54.88	9.76	inf	2.8	57.93	12.8	inf
SE:C0033860	385	63.03	20.52	2.6	0.091	50.27	28.7	8.18	0.153
SE:C0003079	99	20.87	31.82	4.55	inf	18.2	35.35	10.1	inf
SE:C0004626	332	52.17	22.14	3.77	0.104	41.15	33.13	9.34	0.173
SE:C0013922	265	49.54	24.91	2.83	inf	40.75	31.51	6.04	inf
SE:C0028754	671	63.64	15.72	1.56	0.067	41.92	27.2	5.74	0.131
SE:C0522224	400	64.07	19.0	2.12	0.083	51.86	29.12	6.38	0.138
SE:C0020538	1937	74.54	12.93	1.6	0.062	39.17	29.69	5.68	0.137
SE:C0005687	65	0.11	10.77	10.77	inf	0.11	10.77	10.77	inf
SE:C0041657	1435	82.69	12.2	1.29	inf	55.25	19.86	3.21	inf
SE:C1621958	63	2.48	42.06	7.14	inf	1.94	44.44	11.11	inf
SE:C0034902	218	45.13	25.46	2.98	inf	38.79	29.59	5.73	inf
SE:C0158986	120	0.0	0.0	0.0	inf	0.0	0.0	0.0	inf
SE:C0014038	195	40.73	27.69	4.87	inf	34.93	33.33	9.23	inf
SE:C0018991	326	53.64	22.55	2.3	0.093	42.14	34.2	8.44	0.17
SE:C1510431	197	34.23	30.71	4.57	inf	25.37	48.98	21.07	inf
SE:C0027707	331	61.27	19.34	3.47	inf	52.62	24.77	5.89	inf
SE:C0178282	275	47.15	27.27	4.18	0.12	36.94	37.27	11.27	0.198
SE:C0030486	159	35.47	35.53	5.03	inf	29.23	43.08	13.84	inf
SE:C0037578	64	12.46	35.16	3.91	inf	11.03	36.72	11.72	inf
SE:C0042384	559	60.85	19.86	2.86	0.088	44.74	33.09	10.91	0.18
SE:C0085635	158	41.73	25.32	5.38	inf	35.43	30.7	11.08	inf
SE:C0038814	342	64.41	18.13	2.49	0.081	53.49	25.58	8.33	0.141
SE:C0020488	448	59.72	20.2	3.46	0.094	45.49	28.91	7.25	0.148
SE:C0030554	1314	77.08	14.76	1.98	0.068	47.79	26.52	5.78	0.127
SE:C0023885	102	14.93	36.27	6.37	inf	13.13	39.71	12.25	inf
SE:C0032310	85	15.95	31.76	6.47	inf	14.21	35.88	16.47	inf
SE:C0003564	161	55.41	19.88	3.42	inf	47.64	23.29	7.76	inf
SE:C0011633	78	7.85	50.0	10.26	inf	6.16	52.56	32.69	inf
SE:C0030446	816	71.06	14.95	2.02	0.069	49.11	23.59	5.76	0.123
SE:C0024121	647	64.31	16.15	2.01	0.072	45.59	26.2	5.41	0.127
SE:C0085624	815	67.46	18.22	1.72	0.077	45.18	31.47	6.87	0.152
SE:C0017675	155	42.11	20.65	4.19	inf	36.83	23.87	5.48	inf
SE:C0031117	1131	72.2	15.83	1.99	0.07	44.21	30.06	7.21	0.151
SE:C0009676	1936	78.59	12.32	1.14	0.055	42.13	24.54	4.16	0.112
SE:C0027051	1637	67.7	15.33	1.47	0.067	36.74	32.86	5.35	0.144
SE:C0423798	245	52.0	27.96	3.27	0.107	41.75	37.76	9.8	0.187
SE:C0016382	1002	83.87	12.13	1.3	0.056	61.48	18.06	4.29	0.096
SE:C0020437	605	68.44	18.02	2.89	0.083	50.88	25.95	6.03	0.131
SE:C0027709	265	51.54	23.77	2.45	inf	42.13	30.57	6.98	inf
SE:C0003869	175	49.88	24.29	4.0	inf	42.09	30.29	8.0	inf
SE:C0020651	755	72.68	16.03	1.39	0.067	51.52	24.77	4.5	0.114
SE:C0700200	282	68.32	14.18	1.42	inf	56.85	18.26	3.01	inf
SE:C0014457	422	61.38	20.5	3.79	inf	51.28	25.95	5.69	inf
SE:C0686347	199	55.2	17.59	2.76	inf	46.99	21.36	4.52	inf
SE:C0006152	64	4.74	57.03	12.5	inf	4.18	60.94	17.19	inf
SE:C0085631	1419	71.57	15.22	1.66	0.066	44.46	27.87	4.83	0.126
SE:C0040997	330	52.21	23.79	2.58	0.099	40.64	33.33	8.79	0.169
SE:C1257843	128	17.75	23.44	4.69	inf	15.95	25.39	6.25	inf
SE:C0085655	110	7.95	40.0	5.45	inf	6.39	46.36	21.82	inf
SE:C0029400	146	40.36	30.82	4.45	inf	33.59	43.15	13.7	inf
SE:C0038454	1523	70.26	14.45	2.04	0.07	38.11	31.09	5.81	0.143
SE:C1261473	50	0.9	19.0	4.0	inf	0.79	19.0	5.0	inf
SE:C0004690	51	6.19	64.71	7.84	inf	5.43	71.57	16.67	inf
SE:C0023067	316	51.65	23.26	3.96	0.104	38.84	36.55	11.55	0.201
SE:C0015468	352	54.84	20.31	2.7	0.088	41.08	29.55	6.82	0.146
SE:C0235527	293	59.38	19.11	2.39	inf	50.31	23.38	5.29	inf
SE:C0220983	333	57.1	19.07	1.95	0.082	45.66	30.03	8.26	0.161
SE:C0019655	98	28.03	34.18	4.08	inf	23.94	40.82	20.92	inf
SE:C0149745	541	63.68	17.01	1.94	0.074	47.22	26.34	5.55	0.127
SE:C0018784	137	11.1	29.2	4.74	inf	9.94	30.66	8.03	inf
SE:C0027022	51	11.09	46.08	4.9	inf	9.84	48.04	10.78	inf
SE:C0221776	565	58.64	16.46	1.86	0.072	41.34	29.03	3.98	0.116
SE:C0004093	2351	85.78	11.85	1.45	0.056	41.03	26.99	5.78	0.134
SE:C0080179	313	63.74	18.69	2.4	inf	51.92	23.96	5.11	inf
SE:C0020540	135	50.23	23.33	2.22	inf	43.19	28.89	6.67	inf
SE:C0032781	190	53.61	24.21	3.42	0.1	45.78	26.58	6.05	0.132
SE:C0015300	55	0.2	20.0	20.0	inf	0.2	20.0	20.0	inf
SE:C0041582	566	62.44	17.84	1.94	0.075	46.31	26.59	6.27	0.133
SE:C0008049	51	0.12	11.76	11.76	inf	0.12	11.76	11.76	inf
SE:C0040034	1706	69.68	14.8	1.49	0.066	40.22	29.78	4.57	0.129
SE:C0042133	320	47.87	22.66	1.41	0.084	34.57	35.62	8.59	0.168
SE:C0428977	1214	75.57	13.22	1.44	0.059	50.67	22.08	4.7	0.109
SE:C0030920	404	51.12	22.9	3.34	0.102	37.16	36.51	8.66	0.174
SE:C0025289	228	47.07	25.0	4.82	inf	39.1	30.04	7.89	inf
SE:C0033036	358	55.83	21.09	2.09	0.087	45.01	29.19	9.78	0.17
SE:C0003811	1240	70.98	15.4	2.18	0.072	47.53	25.16	3.91	0.112
SE:C0018621	147	47.15	27.21	5.44	inf	39.98	34.01	14.63	inf
SE:C0030193	2389	78.46	12.37	1.21	0.056	31.41	37.44	8.27	0.177
SE:C0038019	91	35.59	31.32	2.2	0.116	27.98	47.25	9.89	0.22
SE:C0019360	735	69.35	17.28	2.72	inf	47.88	29.12	7.55	inf
SE:C0003615	180	44.88	26.11	2.22	inf	38.32	31.11	7.5	inf
SE:C0018932	835	67.2	16.11	1.8	0.071	45.09	26.11	5.57	0.129
SE:C0030794	339	45.35	22.57	1.92	0.09	32.19	38.79	10.47	0.193
SE:C0227791	155	43.51	29.35	5.48	inf	36.23	40.32	10.65	inf
SE:C0149778	99	14.9	45.45	4.55	inf	12.76	48.99	18.69	inf
SE:C0025637	51	4.08	41.18	7.84	inf	3.64	42.16	9.8	inf
SE:C0151611	267	48.61	27.15	2.25	0.101	40.87	33.33	4.87	0.143
SE:C0236048	169	48.44	28.11	3.55	0.112	39.45	39.05	13.61	0.222
SE:C0034887	131	54.99	25.95	3.44	inf	46.78	28.63	8.4	inf
SE:C0042109	772	75.3	14.51	2.07	0.066	58.41	18.85	4.02	0.099
SE:C0043117	168	21.61	27.08	2.98	inf	18.82	29.76	5.06	inf
SE:C0032300	958	76.81	13.62	1.57	0.062	51.62	22.76	4.75	0.113
SE:C0030196	1780	78.06	12.22	1.18	0.056	39.77	29.92	5.34	0.137
SE:C1510475	276	51.75	23.37	1.63	0.09	42.8	34.24	7.97	0.164
SE:C0034888	62	23.44	25.81	4.84	inf	20.63	29.03	6.45	inf
SE:C0037995	53	1.24	24.53	9.43	inf	1.01	26.42	11.32	inf
SE:C0162529	352	64.15	18.18	2.84	0.086	50.96	27.41	5.68	0.131
SE:C0031099	155	30.33	32.26	4.52	0.13	23.35	44.52	16.77	0.256
SE:C0037011	402	54.45	19.28	1.99	0.083	39.05	27.61	5.85	0.136
SE:C0013295	311	56.4	22.99	3.22	0.099	46.81	30.23	6.91	0.147
SE:C0080274	771	64.91	17.19	2.46	0.078	45.26	28.73	5.32	0.133
SE:C0042029	1765	78.72	13.4	1.5	0.061	40.9	28.92	5.41	0.131
SE:C0162316	505	65.11	16.14	2.48	0.077	48.26	24.65	5.54	0.123
SE:C0036337	106	31.21	31.6	4.72	inf	24.9	44.81	13.68	inf
SE:C0020295	388	53.69	25.39	3.35	inf	41.22	35.31	9.28	inf
SE:C0011206	711	74.87	14.49	1.83	0.067	57.34	20.46	4.01	0.1
SE:C0282005	56	4.06	45.54	7.14	inf	3.31	50.0	16.96	inf
SE:C0029134	171	40.39	29.24	5.26	inf	34.42	34.8	10.82	inf
SE:C0030583	84	21.96	35.12	5.36	inf	19.05	36.9	13.69	inf
SE:C0039503	459	48.17	21.79	2.29	0.09	30.94	44.99	15.25	0.256
SE:C0018524	1251	72.46	13.91	1.64	0.065	44.67	27.94	5.96	0.136
SE:C0011615	1290	78.1	11.71	1.47	0.057	52.61	19.26	3.02	0.088
SE:C0000768	286	45.87	26.4	3.67	inf	36.89	33.22	9.62	inf
SE:C0019291	825	62.0	17.27	1.76	0.073	39.76	30.18	5.39	0.136
SE:C0259768	299	56.38	23.08	2.84	0.099	45.24	33.95	11.54	0.193
SE:C0028738	231	44.95	28.79	4.76	inf	38.14	40.04	12.77	inf
SE:C0031212	246	39.98	28.46	3.05	0.114	27.54	47.97	17.68	0.273
SE:C0036689	187	59.07	20.05	2.14	0.082	49.49	25.94	5.88	0.13
SE:C0006386	103	22.52	44.66	5.34	inf	18.76	50.97	17.48	inf
SE:C0221706	924	65.28	15.21	1.68	0.069	38.92	30.3	5.52	0.136
SE:C0024282	68	2.88	44.85	8.09	inf	2.47	47.06	13.97	inf
SE:C0009375	55	0.46	29.09	17.27	inf	0.46	29.09	17.27	inf
SE:C0009421	921	75.94	13.52	1.63	0.062	54.84	20.74	3.53	0.098
SE:C0155773	101	6.17	31.68	6.93	inf	5.47	32.67	10.4	inf
SE:C0001546	97	34.93	25.77	5.15	inf	30.13	34.02	10.31	inf
SE:C0020598	1063	70.1	14.58	1.32	0.064	44.17	26.25	5.64	0.128
SE:C0151966	124	14.04	40.73	5.65	inf	12.67	44.76	7.66	inf
SE:C0004144	1206	74.53	14.1	1.49	0.063	43.93	25.17	4.68	0.118
SE:C0004623	892	67.58	16.31	1.85	0.072	44.05	28.87	6.33	0.141
SE:C0020456	1877	84.84	12.04	1.41	0.058	46.22	23.81	3.94	0.109
SE:C0521620	76	4.23	71.05	13.16	inf	3.88	72.37	19.74	inf
SE:C0014733	107	7.76	25.7	1.87	inf	6.47	27.57	10.28	inf
SE:C0040264	643	67.87	17.81	1.63	0.072	48.63	26.52	5.13	0.125
SE:C0003850	722	63.72	16.48	1.45	0.067	44.73	26.04	5.68	0.128
SE:C0017152	1107	69.54	15.22	1.85	0.07	42.66	30.31	6.05	0.139
SE:C0040425	78	4.38	34.62	1.28	inf	3.72	35.26	7.69	inf
SE:C0018965	920	72.51	14.18	1.85	0.067	51.43	22.12	4.18	0.108
SE:C0009319	605	67.29	17.11	2.4	0.078	49.42	27.85	5.12	0.128
SE:C0019080	1414	81.01	12.69	1.59	0.061	54.71	21.32	4.24	0.103
SE:C0042961	65	7.94	36.92	4.62	inf	7.07	40.0	8.46	inf
SE:C0038833	63	3.87	26.19	3.97	inf	3.53	29.37	6.35	inf
SE:C0021099	50	2.49	65.0	10.0	inf	2.18	66.0	20.0	inf
SE:C0013405	152	33.71	33.22	5.26	inf	26.99	44.08	14.8	inf
SE:C0020162	198	45.61	27.02	3.79	inf	38.58	31.82	9.6	inf
SE:C0000833	678	61.48	19.1	2.36	0.085	42.35	32.45	9.59	0.172
SE:C0019917	66	27.72	37.12	3.79	inf	22.86	46.21	16.67	inf
SE:C0014549	544	68.13	17.19	2.67	0.079	54.36	22.98	3.95	0.103
SE:C0029456	685	64.18	18.32	2.48	0.084	44.56	30.07	8.03	0.153
SE:C0029442	344	47.48	23.11	2.33	0.091	35.38	35.9	10.17	0.188
SE:C0003126	246	53.12	24.39	4.27	inf	45.87	28.46	7.93	inf
SE:C0020502	171	40.11	27.78	2.34	inf	33.32	38.3	8.77	inf
SE:C0008033	2178	80.49	12.3	1.15	0.054	37.36	30.81	5.62	0.141
SE:C0034150	347	54.47	22.91	4.03	inf	46.73	27.38	5.62	inf
SE:C0014009	121	22.64	26.45	6.61	inf	19.45	30.58	8.68	inf
SE:C0006277	1360	72.09	14.04	1.4	0.063	38.91	32.1	6.91	0.152
SE:C0035455	475	54.31	22.0	2.95	0.095	38.76	37.47	10.53	0.192
SE:C0018808	641	64.24	20.59	3.04	0.089	46.91	29.56	8.5	0.16
SE:C0009917	166	28.79	38.55	3.01	inf	22.32	53.61	18.98	inf
SE:C0205929	91	14.41	44.51	6.59	inf	12.16	47.8	18.13	inf
SE:C0242422	166	22.27	31.33	3.31	inf	19.86	33.43	6.33	inf
SE:C0036341	135	26.29	23.33	2.22	inf	23.27	26.67	5.19	inf
SE:C0037052	269	52.44	22.49	2.6	0.097	42.77	34.94	10.97	0.189
SE:C0025322	169	37.18	30.18	4.14	0.129	29.36	44.67	13.31	0.241
SE:C0013604	1841	85.28	11.84	1.36	0.055	51.15	21.89	3.97	0.104
SE:C0038436	230	50.47	27.17	3.91	0.111	39.68	35.22	10.65	0.187
SE:C0039520	133	41.63	32.71	4.51	inf	34.41	43.23	15.04	inf
SE:C0042025	261	42.29	26.44	3.64	0.113	30.53	43.87	11.3	0.212
SE:C0026846	355	56.54	21.55	3.1	0.092	45.25	29.3	7.75	0.154
SE:C0041912	935	67.83	15.83	1.6	0.069	42.62	31.02	7.06	0.152
SE:C0026975	84	3.9	49.4	8.33	inf	3.34	51.79	18.45	inf
SE:C0009946	118	23.51	26.27	2.54	inf	20.58	32.2	4.24	inf
SE:C0029882	301	58.5	21.43	2.82	0.093	47.07	27.57	9.97	0.168
SE:C0085583	81	1.44	29.01	5.56	inf	1.3	29.63	7.41	inf
SE:C0019572	56	4.86	46.43	4.46	inf	4.24	50.0	14.29	inf
SE:C0013390	67	18.67	37.31	2.24	inf	15.95	46.27	14.18	inf
SE:C0016169	389	53.92	19.28	2.57	0.085	40.01	34.45	9.13	0.169
SE:C0032290	741	67.65	16.4	2.02	0.074	48.28	27.06	5.4	0.127
SE:C0021845	340	50.45	22.35	3.09	0.102	39.23	32.94	8.82	0.167
SE:C0040213	170	49.87	27.35	5.59	inf	41.41	36.47	10.88	inf
SE:C0086543	742	68.59	13.34	1.68	0.062	47.09	22.24	4.04	0.105
SE:C0032231	338	57.47	21.15	3.85	0.104	45.83	26.33	7.99	0.153
SE:C0239739	283	46.13	27.56	3.18	0.107	34.88	38.34	9.19	0.19
SE:C0476427	66	24.58	45.45	5.3	0.171	20.82	50.0	12.88	0.254
SE:C0003504	559	57.89	18.07	2.68	0.085	42.01	28.26	6.26	0.138
SE:C0006267	197	61.32	18.02	1.78	inf	53.54	23.6	4.31	inf
SE:C0035317	219	47.02	27.17	3.2	inf	39.63	34.7	7.08	inf
SE:C0678222	473	57.68	19.98	2.22	inf	43.03	31.4	4.86	inf
SE:C0036421	156	33.88	29.81	4.49	inf	27.91	44.55	10.58	inf
SE:C0039070	1372	82.47	12.79	1.35	0.057	52.51	21.72	4.05	0.102
SE:C0014724	347	63.48	16.86	2.31	0.079	50.96	24.64	5.76	0.123
SE:C0014863	196	44.16	28.06	4.85	inf	35.86	39.03	16.58	inf
SE:C1527336	114	31.22	31.58	4.82	inf	26.29	36.84	12.72	inf
SE:C0019209	703	64.37	18.92	2.28	0.079	46.0	28.38	6.19	0.136
SE:C0750426	1168	70.69	15.62	1.88	0.072	46.65	27.18	5.14	0.125
SE:C0020255	261	47.88	23.95	2.11	inf	39.89	32.95	8.24	inf
SE:C0266813	214	58.68	25.0	3.5	0.102	49.07	32.48	8.64	0.162
SE:C0595939	1195	89.09	11.63	1.05	0.051	65.72	16.86	1.59	0.07
SE:C0031350	521	54.25	20.92	2.98	0.094	36.9	38.1	12.28	0.205
SE:C0220982	136	30.47	23.16	3.31	inf	26.53	27.57	4.78	inf
SE:C0002390	114	26.06	29.39	4.39	inf	21.74	35.53	7.89	inf
SE:C0007785	822	65.96	17.64	1.64	0.074	46.51	28.83	5.78	0.132
SE:C0020461	890	76.1	14.66	2.19	0.07	54.84	22.64	4.83	0.112
SE:C0027531	257	57.33	18.68	1.56	0.078	46.24	29.38	7.2	0.144
SE:C0008301	264	61.05	18.37	2.27	inf	51.87	22.35	6.25	inf
SE:C0011991	2384	84.99	11.91	1.17	0.053	41.15	27.06	4.53	0.121
SE:C0085614	428	58.73	18.93	2.1	0.082	45.01	26.52	5.61	0.134
SE:C0522055	552	64.74	18.12	2.26	0.077	48.81	27.36	5.53	0.129
SE:C0006012	54	19.5	39.81	3.7	inf	16.11	48.15	12.04	inf
SE:C0029124	79	2.61	65.19	22.15	inf	2.26	65.82	31.01	inf
SE:C0037284	676	66.93	17.97	1.55	0.074	48.22	28.48	6.43	0.142
SE:C0041834	1359	75.07	15.08	1.8	0.067	46.86	26.89	5.96	0.131
SE:C0004096	1114	71.21	14.59	1.57	0.064	42.36	28.82	4.89	0.128
SE:C0034212	684	71.65	14.4	2.34	0.071	53.44	21.78	3.65	0.104
SE:C0020621	1271	70.06	16.56	2.24	0.074	41.98	30.96	6.77	0.151
SE:C0017160	730	65.15	16.23	1.71	0.071	44.58	28.77	6.51	0.142
SE:C0438215	623	70.67	15.09	1.77	0.07	52.43	24.24	4.9	0.118
SE:C0040046	186	48.74	25.54	4.03	inf	40.83	34.68	9.95	inf
SE:C0152128	795	52.21	21.64	1.95	0.087	30.27	46.48	8.74	0.204
SE:C0243010	75	20.15	44.0	11.33	inf	17.33	48.67	16.0	inf
SE:C0574960	82	21.79	44.51	4.88	0.172	17.72	55.49	20.12	0.317
SE:C0040261	208	46.56	27.4	5.29	0.13	37.77	37.5	13.22	0.218
SE:C0259749	75	4.0	55.33	6.0	inf	3.46	57.33	8.0	inf
SE:C0018790	1250	70.07	16.0	1.6	0.071	45.33	28.44	5.16	0.129
SE:C0008767	667	62.0	16.94	1.27	0.069	42.66	30.43	7.95	0.156
SE:C0033581	186	47.72	24.19	3.76	0.106	37.97	31.45	11.29	0.184
SE:C0010823	330	54.0	23.03	3.94	0.104	41.0	31.97	8.94	0.166
SE:C0497247	1330	86.22	11.13	1.54	0.055	58.21	18.53	3.23	0.089
SE:C0085680	642	62.64	16.98	1.4	0.071	45.61	26.32	4.13	0.119
SE:C0002994	484	76.74	13.22	2.07	inf	64.41	20.14	3.1	inf
SE:C0027430	56	1.58	44.64	11.61	inf	1.29	46.43	18.75	inf
SE:C0035220	50	2.09	62.0	17.0	inf	1.91	62.0	18.0	inf
SE:C0085615	555	59.72	20.18	2.25	0.085	44.2	31.53	7.21	0.151
SE:C0016977	685	64.22	15.84	2.12	0.073	44.33	26.79	4.45	0.119
SE:C0235329	483	64.24	20.29	2.28	0.082	48.55	27.74	5.18	0.129
SE:C0016412	60	1.54	56.67	16.67	inf	1.28	57.5	26.67	inf
SE:C0007642	1437	74.63	12.98	1.64	0.061	40.17	28.25	5.88	0.135
SE:C0034186	418	61.75	15.91	1.91	0.072	46.37	21.29	3.95	0.105
SE:C0026769	527	66.19	16.89	2.28	0.077	47.89	24.76	3.8	0.113
SE:C0549567	99	2.5	34.34	2.02	inf	2.19	36.87	2.02	inf
SE:C0014356	166	25.23	23.8	2.41	inf	22.03	28.92	4.22	inf
SE:C0020676	795	66.59	16.98	2.45	0.076	44.59	29.5	6.35	0.142
SE:C0015230	1552	82.89	12.6	1.68	0.06	52.56	20.72	3.87	0.101
SE:C0004239	426	70.07	17.84	2.0	0.076	56.23	25.94	7.51	0.14
SE:C0009376	469	54.95	19.4	2.45	0.086	40.28	30.17	8.85	0.165
SE:C0041956	255	53.01	22.94	2.75	inf	44.75	31.18	6.86	inf
SE:C0085648	192	46.69	26.82	1.82	0.099	38.47	36.72	5.47	0.147
SE:C0085606	352	55.3	17.76	2.7	0.085	42.53	28.41	5.82	0.142
SE:C0006107	160	46.2	26.56	4.69	inf	39.69	30.0	11.88	inf
SE:C0575081	1380	76.08	12.97	1.49	0.061	45.22	27.21	6.49	0.14
SE:C0019825	164	46.87	24.39	2.13	inf	39.86	31.1	7.62	inf
SE:C0151436	205	20.29	26.34	2.44	inf	17.99	29.51	3.41	inf
SE:C0149678	121	11.35	35.95	2.89	inf	9.96	42.15	6.61	inf
SE:C0025202	217	53.88	22.58	2.53	inf	45.17	27.88	6.22	inf
SE:C0442874	1791	79.39	12.48	1.37	0.057	42.94	26.1	4.33	0.118
SE:C0341047	79	17.85	29.75	2.53	inf	15.28	33.54	5.06	inf
SE:C0243026	1657	76.58	13.22	1.42	0.06	43.17	26.8	3.83	0.113
SE:C0021400	659	71.33	16.84	2.35	0.078	52.1	25.64	5.46	0.126
SE:C0019212	150	22.78	33.33	4.0	inf	20.08	36.33	11.0	inf
SE:C0040456	67	13.96	58.21	3.73	inf	11.62	62.69	30.6	inf
SE:C0001418	747	69.76	15.66	1.61	0.068	50.2	24.97	4.28	0.115
SE:C0020505	481	59.93	16.42	1.66	0.072	39.15	27.86	6.55	0.141
SE:C0014175	68	23.74	36.03	9.56	inf	21.16	38.97	13.97	inf
SE:C0151723	540	65.29	16.48	3.24	0.083	48.36	25.74	6.2	0.129
SE:C0036508	114	29.91	34.21	3.95	inf	26.3	35.96	16.23	inf
SE:C0013221	1095	81.42	11.83	1.55	0.059	58.55	18.45	2.97	0.087
SE:C0740401	100	17.75	36.5	7.5	inf	15.63	37.5	11.0	inf
SE:C0018939	326	55.68	23.16	3.07	0.098	45.0	31.75	8.9	0.163
SE:C0151744	913	68.65	14.46	1.48	0.063	45.66	24.7	4.27	0.112
SE:C0220981	825	66.5	17.33	2.55	0.079	47.49	26.36	5.45	0.126
SE:C0318712	381	62.54	18.5	1.57	0.074	49.12	27.69	6.56	0.137
SE:C0156404	102	28.41	33.82	2.94	inf	24.19	40.2	19.61	inf
SE:C0152025	345	57.6	20.58	1.88	inf	46.39	27.54	7.25	inf
SE:C0024115	855	68.77	15.73	2.28	0.076	49.48	25.56	5.44	0.12
SE:C0020458	1343	78.58	12.29	0.97	0.054	49.68	22.93	4.24	0.107
SE:C0158328	108	41.28	23.15	2.31	inf	35.89	28.24	9.26	inf
SE:C0235660	80	19.76	42.5	5.62	inf	15.9	53.12	13.75	inf
SE:C0032273	52	12.72	40.38	4.81	inf	10.81	45.19	10.58	inf
SE:C0011127	487	66.42	16.02	2.57	0.079	50.37	22.69	5.54	0.118
SE:C0019348	434	63.65	16.59	2.19	0.078	49.16	24.88	6.34	0.128
SE:C0025345	98	27.31	29.08	3.57	inf	23.14	35.2	6.12	inf
SE:C0024437	190	50.25	26.84	3.42	inf	43.15	30.53	8.42	inf
SE:C0022658	908	76.47	14.98	1.54	inf	55.12	23.4	4.24	inf
SE:C0085605	847	59.9	19.13	2.42	inf	40.53	32.7	7.14	inf
SE:C0010692	1102	75.4	14.79	1.95	0.069	50.28	25.32	5.49	0.124
SE:C0006325	1066	58.66	18.67	1.55	0.077	29.98	45.4	10.65	0.212
SE:C0040584	85	25.87	47.06	2.94	inf	21.67	54.12	21.76	inf
SE:C0016204	791	68.69	16.12	2.02	0.073	49.36	25.79	5.37	0.122
SE:C0034065	1217	72.36	15.65	1.77	0.07	47.85	26.25	4.85	0.124
SE:C0036202	157	38.89	31.53	6.05	inf	32.03	42.68	14.97	inf
SE:C0085096	516	60.94	15.79	1.65	0.07	44.03	28.2	5.43	0.128
SE:C0025290	110	16.04	40.45	4.55	inf	13.6	46.36	15.45	inf
SE:C0149512	298	55.29	21.98	3.19	0.095	42.33	30.87	8.39	0.16
SE:C0022671	136	27.73	29.41	3.31	inf	23.59	36.76	7.35	inf
SE:C0020040	666	65.06	16.97	2.4	0.078	44.89	28.6	6.91	0.146
SE:C0011334	526	50.72	22.72	3.04	0.097	33.66	39.54	8.84	0.185
SE:C0520474	927	56.39	19.09	2.0	0.081	33.27	42.13	7.98	0.187
SE:C0025286	147	45.77	25.51	4.76	inf	40.11	30.61	7.48	inf
SE:C0311394	704	71.01	15.48	2.13	0.071	52.75	24.64	5.04	0.116
SE:C0149725	406	70.14	16.13	1.97	0.072	55.64	22.41	5.54	0.117
SE:C0740858	64	22.62	29.69	3.12	inf	18.93	37.5	10.16	inf
SE:C0085166	52	19.62	28.85	3.85	inf	16.71	34.62	9.62	inf
SE:C0032227	1689	72.26	13.35	1.87	0.065	37.15	30.2	5.92	0.141
SE:C0011168	1438	73.04	13.56	1.7	0.065	41.3	28.72	6.12	0.139
SE:C0011603	421	62.11	20.55	2.97	inf	48.08	26.48	7.48	inf
SE:C0020517	1121	77.38	14.18	1.74	0.065	53.28	21.36	3.66	0.101
SE:C0162297	602	76.25	11.79	1.5	0.057	60.76	15.86	2.33	0.075
SE:C0038131	99	16.2	28.28	2.53	inf	14.19	31.82	4.04	inf
SE:C0031538	62	15.51	45.97	7.26	inf	12.57	53.23	16.94	inf
SE:C0030312	1252	74.81	12.7	1.12	0.056	46.77	23.64	3.15	0.101
SE:C1136085	118	34.25	30.93	6.36	inf	29.36	36.86	13.14	inf
SE:C0024117	1160	72.55	14.35	1.72	0.067	42.59	28.58	5.17	0.129
SE:C0020490	54	9.16	49.07	8.33	inf	7.96	51.85	15.74	inf
SE:C0026848	548	69.95	16.7	2.28	0.078	54.39	23.81	4.65	0.112
SE:C0019693	59	0.02	1.69	1.69	inf	0.02	1.69	1.69	inf
SE:C0011606	254	25.25	27.76	4.13	inf	22.35	32.68	7.48	inf
SE:C0242429	570	72.13	15.44	1.58	0.071	57.91	20.88	3.42	0.097
SE:C0086438	93	27.55	30.11	3.23	inf	23.45	36.56	6.99	inf
SE:C0206504	74	26.03	38.51	6.76	inf	21.2	48.65	22.3	inf
SE:C0149514	534	58.5	20.51	2.53	0.089	40.12	35.39	9.74	0.182
SE:C0026919	51	0.78	31.37	10.78	inf	0.63	31.37	15.69	inf
SE:C0018944	652	69.61	15.72	1.23	0.066	52.04	25.08	3.99	0.115
SE:C0341163	71	0.66	21.13	5.63	inf	0.6	21.13	7.04	inf
SE:C0032617	336	52.7	19.05	2.23	0.087	41.6	30.65	8.33	0.16
SE:C0039103	183	45.05	24.04	4.1	0.111	37.21	36.07	10.93	0.19
SE:C0014742	276	46.33	23.91	2.9	inf	39.82	28.8	5.07	inf
SE:C0021311	1317	77.81	13.06	1.37	0.058	49.51	23.23	4.18	0.109
SE:C0025323	224	42.39	27.9	4.02	inf	32.45	36.61	10.04	inf
SE:C0011124	366	49.06	24.86	3.42	0.108	36.08	37.3	10.93	0.2
SE:C0011860	1053	67.19	14.43	1.76	0.067	38.45	30.63	6.7	0.143
SE:C0004134	367	56.11	23.3	3.54	0.103	44.63	32.7	10.08	0.178
SE:C0149736	98	40.86	25.51	1.53	inf	36.05	27.04	5.1	inf
SE:C0023895	709	72.48	14.67	2.12	0.069	56.51	21.02	4.23	0.103
SE:C0700594	334	53.79	20.66	2.84	0.094	40.2	33.98	7.34	0.156
SE:C0018926	679	67.83	15.76	1.55	0.068	51.25	22.53	3.09	0.103
SE:C0037763	1533	74.47	14.97	1.6	0.064	40.69	33.11	8.94	0.173
SE:C0015403	253	46.99	24.51	2.96	0.104	35.55	39.33	12.25	0.215
SE:C0014544	289	25.22	29.41	4.84	inf	22.24	32.18	6.75	inf
SE:C0023646	94	17.71	51.06	5.32	inf	15.28	53.72	28.19	inf
SE:C0042373	519	63.28	17.63	1.64	0.076	47.55	28.32	5.78	0.139
SE:C0497327	415	70.98	16.02	2.77	inf	57.85	22.29	4.94	inf
SE:C0518988	445	50.87	21.46	2.58	0.09	35.42	32.47	8.2	0.164
SE:C0010709	507	56.9	20.91	2.17	0.086	41.28	32.25	8.88	0.168
SE:C0151798	266	45.72	21.43	3.76	inf	39.15	27.63	6.77	inf
SE:C0152032	226	50.56	25.44	2.43	0.098	40.12	34.07	7.08	0.163
SE:C0040586	88	10.49	24.43	3.41	inf	9.35	25.0	5.11	inf
SE:C0022104	473	58.75	17.44	2.11	0.079	40.85	28.44	7.19	0.146
SE:C0007876	158	3.18	38.92	8.86	inf	2.63	42.41	11.71	inf
SE:C0178879	137	17.63	33.94	6.57	inf	15.27	37.96	10.58	inf
SE:C0151825	839	68.83	16.75	1.91	0.071	44.86	30.51	6.97	0.15
SE:C0025222	584	61.53	17.72	1.97	inf	46.36	25.51	5.31	inf
SE:C0149801	393	58.19	19.34	3.05	0.089	44.56	27.86	8.27	0.15
SE:C0007078	50	16.68	58.0	3.0	inf	12.77	67.0	30.0	inf
SE:C0026858	676	68.79	16.35	2.22	0.073	50.73	25.07	5.7	0.126
SE:C0008312	65	17.5	50.77	3.08	inf	13.54	63.08	26.15	inf
SE:C0037023	115	32.06	42.61	5.22	0.159	26.5	54.35	27.39	0.36
SE:C0149925	70	0.99	18.57	2.14	inf	0.92	20.0	2.14	inf
SE:C0036454	298	53.3	24.5	3.86	inf	43.57	33.05	8.39	inf
SE:C0013182	935	77.6	14.92	2.19	0.07	56.21	21.87	5.08	0.113
SE:C0031090	247	37.66	25.51	1.82	0.099	25.44	44.94	10.53	0.209
